1536914222
1511040505
99769025
120136831
240130839
1530841528
688387817
983924146
409633339
1172894121
473882204
1757717002
1136638864
86036770
1068636384
55148797
1569254261
1557389782
297453256
1427893160
1607773220
1279396743
2121036366
785492929
1350119674
1452363218
1403184564
1158762230
1037048120
753711365
752550092
2049449695
1161444976
1469727329
911808692
1456244264
1510687341
758657958
251698317
1411692844
285601930
805340187
578878829
756867862
350412901
1818968653
1892645145
975426465
593517217
1260415741
1310979619
2015687737
1375010710
1375967249
1799897558
1848816726
667409377
834123333
442070419
566232667
1596328421
1051268073
369675604
84182907
552363848
956792256
1740470484
674995915
385792058
183738370
1491292124
138651914
553116751
2062928123
1783550502
1392868349
2019605826
1301751472
2019638160
623287413
451114479
879393490
1963317578
2084627920
431780475
2096241127
320273071
1748269943
1757602570
1781048701
1601326727
570844515
2076328719
1607291804
1141572177
1953357883
1843974314
2085256903
1176307590
99472518
275336076
167723559
566923147
341160060
33972289
610066039
1059569492
90728559
1975263848
1507990791
619523211
2044261065
1693685055
883747043
2004674436
1806838700
1859083693
2038862183
168658204
701473636
1060956254
345894086
716078208
1366198428
1945548652
506229081
1820648154
890434366
2054374134
1617827703
1473940091
1987273058
55888824
1222991657
1538891591
1296936505
2006047896
1008331175
1691534656
1934068684
157218342
661016368
2078866254
427155075
2012734747
2123640033
1705859280
2043393039
431428814
521284475
912161561
587868633
1334281442
617722202
353040820
835420055
1264808870
1883696118
344989729
916858504
184582914
31288240
761704899
1035470656
2039437038
663574322
1417823920
395540713
772050254
1851771139
16009218
1812874577
483289879
988542073
1848482124
265582384
1641142604
1893001341
1232164393
59028204
1645943303
1725131203
465689908
1355883656
608984770
1051922804
469522059
918333236
1635023549
454829211
1383996997
1285557744
48884292
727487683
854535575
499032173
1749124091
212341536
1521551474
1733347102
111335204
1718202132
84991764
203476675
1509772735
776312893
1816595919
53191613
1341676803
614016021
988504310
432104447
2064578754
1982500185
615308843
1340592451
43780534
918260712
1489686892
1178734503
1286037889
1119779639
1514029745
202193476
1566550462
657569232
2130452294
57759595
2061319360
890618326
664027666
578482445
1544456229
1173880220
697085562
2039304742
1973295866
865743904
1332090782
92549626
1992800015
1700594961
2070747632
49409180
2078465149
337573335
851290935
537518212
1078436445
1849434136
2046375456
270951495
1995183587
633732767
1905509751
489110028
1143179594
1612684442
115102103
417772253
619022677
525092322
1033227617
839231689
1347748907
1768534544
1929418947
251945976
730463687
2035850765
262284109
992999602
887662470
920454571
1958283948
1233755119
1697647050
1573033017
1483946773
2111198591
1105256760
1889885799
1540590731
922329477
375582518
1677464841
600836726
382412929
401468186
461136873
1550457960
806066609
1636507254
807112593
1578759746
1452043975
883752099
1468702547
888242649
403439851
