1145069135
1923600416
894407131
249433902
748426531
390763172
1086353191
2139442901
1664527824
2057193988
712165849
888320164
1942844082
835092588
1739725738
940619307
51589489
1749799631
901191649
1400206044
281249131
1920823128
415656422
5298068
756867862
1965275265
44348465
1417268643
2019658619
525015895
815258599
936225499
606460000
486911468
839537782
595596805
1984314124
1853816474
633915923
1553550896
1490091598
1191063124
1316950745
349347878
1250398658
933217800
370236127
581306892
31286148
1034953959
221522796
1052321071
1328494631
785867680
2070808486
1206364908
1730193386
2012022691
1865073468
538328694
162821299
411836407
433615441
1734052497
466496838
1855275482
289776411
1629146323
1108929388
117354400
437173582
2135368856
865730817
459048069
1423217187
1267332089
778206579
521977173
1287663874
1517854531
1934551172
809890661
768212995
1655331750
997108588
1153558707
54143285
2143541231
207233338
486384721
380622298
321316505
358477392
1011450340
1750711975
435894219
2000749140
158413026
1910040062
620273769
1846886867
63550595
1673063937
1647899406
1385238644
785928699
1470570833
1569421788
1177217902
1943450662
1236327136
1701031699
1725108174
518455147
94481185
648934048
955882488
503586950
18879373
2111534666
299619370
195862241
1379129970
101960294
1799897558
449616564
1741711956
1639200049
350224523
6493928
2048013659
591247834
611924061
1753726904
1568965509
604479838
343360360
357115227
1425935257
1110675691
618350789
1366883011
544933102
1518365424
1441261516
1813677298
724366372
1352822651
1146746581
1372179974
779664191
1989177365
1239479104
1663189704
703066411
1147265725
1454792123
1749855043
1492148268
802340211
1551345881
1122935601
718264522
2074018693
509189620
222377529
246310154
1365885
1309830468
614608264
739908189
958765096
1646774504
1791320053
1535174542
469301997
1986380645
1531629959
1006408656
2107393652
261590325
1102546731
1515255370
1668428353
1114976766
1959500747
573164670
770713149
1538694836
1074895109
1611548599
98859065
2070105216
873628263
1446976389
2062103901
1459205701
1546142841
1381031015
2025727113
423494410
1443773905
1662029604
79611402
967189459
1463870140
1731613822
1002558187
916045925
862657288
832268081
926739946
651020537
574795855
1264015688
760786950
1288273180
826563062
2122425222
76151412
832248006
607351568
1466920252
471309758
744009915
1229095458
925097007
1550505251
549299216
1917077233
1004072687
65287421
497147052
1244690299
2097010216
782811403
804108469
1816986892
404893900
1566050172
675994670
717713978
502917247
717584799
1138960638
394408428
204788171
1334892746
619461030
1044136021
1991561853
398658332
1940277164
1598215945
1346450867
367792797
723676150
227929085
559805627
877654068
766563603
1251820338
1208521477
985424773
1342986151
1431866654
1804715297
611793880
1117541112
2106303353
1613704255
1688262808
804961027
940671770
119310463
1054463832
134841310
1708720101
896691272
372476792
301970317
896682762
1581694655
2133058437
222674087
1155579272
1720858421
388387929
471638272
382449721
1264110802
1250769468
1423167802
1584454669
661951709
51941587
93503686
113453757
629937977
689341799
105576717
912960307
750588193
2002962484
1071836855
1716997839
289672418
1575931108
639205391
1586176514
90760689
1142045091
1944420860
1400592725
1917116470
278579073
784668728
1159480800
410913489
600069037
608631443
498274689
486235519
72790858
1901911243
785686283
294876779
417053153
1217401042
707671416
1489814005
1631337904
347829105
1703566439
1545338583
1629619003
642860734
242262821
338318402
729036576
199531335
552541262
1928727308
1904588187
1804531415
1632305841
1371762724
2107895265
1260415741
716512295
2124060831
863330459
1525223259
523490886
1475073054
1319918175
374985083
213560027
637675531
659792404
469855114
2016716235
429550096
1088421886
2047240688
1965127157
1378447930
1559104151
996902697
1501112122
1005105212
985441783
1849985251
1528258634
984042220
562098112
916192569
704760435
520182559
1154336456
536541673
285601930
2080092386
2055588111
31842388
1933162622
1761502200
841508692
1353621459
1584632949
711397908
901789412
294900828
1478982551
64449602
394962134
1440347655
1542087820
1036792514
790396515
2102308439
2139742699
286935789
907408100
888960298
1189995921
1244961224
430273508
1295335635
1030272037
1463028925
552932709
692771371
976448941
1002257751
773484626
14281906
1935641103
1254015598
797384403
88238956
1703815418
278089292
340346113
2026844940
1607490273
350971835
1411444687
1260493400
1548889144
1796617760
1148324613
335631167
1989682953
816841025
1287284870
2145129003
636190342
1778410342
1520782001
952812007
121039710
1914416748
1344370735
542867915
919443159
1530841528
853316623
44299881
2146614029
849562784
1998573800
775613769
1051428110
1181507254
493871843
681465791
509952471
1335009983
193431042
518682628
254545161
2017184306
1321460275
499668604
645591461
1208335630
1069973275
535483869
1378789879
864172956
174406613
1156429860
1971026219
840282114
453857322
234611082
1302045599
1939941428
754542799
1039975717
2138269610
149652214
844935480
994202563
1669883484
374924747
109723673
500326745
1625533194
365776612
1151385454
2015305790
1344253300
541674202
2146506625
1766565663
453897556
638670081
406253797
235043699
628613352
884730132
1075100992
1901859986
977279474
1303743757
1244342626
1000578678
758132136
593493244
754524110
735190998
1661509288
947234985
91978092
2107403329
1542401944
1184645569
1831491776
174414738
2727860
151885807
539735854
445479663
1196604701
1384705304
1240414380
1938128846
1493685487
1279778757
1736738253
2051784685
59267517
73510748
2067003469
1765741204
1916127958
1943794812
239669885
763222077
1800579029
1391186437
694074752
529006235
1672046705
1892925582
1073800081
1227399758
1887369108
1366277609
813058667
1862170251
850633202
1312406658
1391506179
718310054
1734509276
2030265179
1710273934
1275832770
1953357883
1493168912
1024633364
1429730586
1567834563
318670811
1336724321
623837376
2039450142
1644240750
246519977
2119215746
1879721678
1988046498
366846797
1631895456
30898608
1098750101
1211846939
43752169
1175792320
1748269943
262666140
505946609
515743914
1806799472
984659452
239965568
623767256
2063829267
943506603
1450283519
831527946
467572693
810846717
930867289
251862700
1043173850
1155352813
21080633
707393240
861017384
1317240497
1050657260
2135585139
1922271783
611018989
943808978
1574665006
1517664532
1810818246
342090592
973093288
495950448
1162080655
480085232
665405450
201290992
1835921737
509855247
1054341859
1023037096
1435014372
151927308
405579077
594792328
1686347274
1848531130
181508911
1101019869
707804905
24479872
851485245
1167785835
1170265708
1019686073
53279836
37316885
1049002443
2060111867
341372823
214117099
1990176210
282392321
358528610
81289985
1895453509
957299260
730731364
336649151
1297661461
652479376
339080874
218239578
1468589210
2011297735
2078733527
1636377140
282237441
1518408002
605841289
1611372021
162069275
42339930
719609824
1026351257
222327155
1249988202
47706051
387012841
71068401
702069634
1231153746
1914507781
250189146
711400564
1922850855
1575183062
1994531510
54960759
253907818
1105846890
211795331
1503806555
1174597841
996652016
6708423
378135459
833800728
2058423719
1590908564
631727121
659375275
1375831182
955896078
744075051
580314068
87899560
904910458
910171146
1807970817
862367024
1445552753
1410327808
1423336154
39441130
837163688
1884970019
915334748
55010349
1007724562
686646754
1637351967
471968245
782750933
197575295
1971757500
1804258689
1893028748
835651855
1391332758
521959759
94049370
578816152
929648012
678037764
446753730
717195797
463290950
1352135003
1992650004
80593536
443414612
182614736
1107681301
150605800
1728084995
1280710500
2121063487
457587161
1088317160
233484481
855240790
2068393020
720184923
719557628
213896666
815627558
1686542842
745833816
1588995087
860051854
1684563926
220526967
1841594593
169345257
102086506
1074718048
1191223206
1748627310
1670886515
149932666
609884392
1912357936
823488774
1243597157
499353355
248276114
1527865650
212757201
1887819571
1520646013
1638706044
1072707813
1790833046
1235953429
213498403
1150619365
956792256
2105430062
1076119823
397891717
858025793
2073720586
1444717512
876093350
57412628
272160628
1425681260
1394833949
1504566544
576046352
1915111621
1762962715
1696875056
481902459
2054267520
1920001146
2038001278
282847376
1808723055
798374010
807621219
1589508775
650511172
2023677167
1255714551
396135420
1390450690
457275845
2099410089
1969727172
1739575250
319430937
1953643550
1206036531
689327795
1742240341
1077018422
473174650
1647184379
1985255574
1368109605
1870528301
1962596862
391408803
1671720209
1159349025
1656074861
1767033854
1254014253
566658873
278705391
97575224
2022176001
1855507154
872459930
1984116797
332081246
45361990
842456300
1031140013
1198807043
249599032
827721705
196859756
949607274
1889639655
266264929
1913299620
9567900
481309042
1017154912
810714668
1228957937
255996202
817870234
1747746846
1137264420
454453907
643714430
2060716056
42462208
2056579954
703254352
374614824
22949590
1665000322
77607892
841628299
799763010
1503548406
1626324083
1212994333
647953036
2055017174
1804059731
736796403
446001587
1409702725
171293446
1106237804
13402614
457440289
1048578535
21283302
1230117479
855820772
465484527
53819893
1674691229
622276264
1998660348
2045812781
675854057
25019005
765586768
1791239835
652840322
1810584124
341212714
2064567697
202281008
1964704119
1001961251
269242645
500997292
317904406
465540052
1323463500
230625741
1473763468
75478688
1815153518
223355523
1717805594
1832565975
1805992723
1619869856
933393366
1497048473
398529041
1492372387
1284244201
819612773
2055215006
2019112371
192103068
623318118
1711542049
1661281026
1847947601
1538576733
689827923
2056699131
560563024
293927772
1383409762
728053630
965148861
920305173
266573845
1293737089
1427889768
1280571123
957871911
554993048
1138387580
586138994
1014333255
1294512693
2080120157
1453545382
839164694
806683883
913830232
1298240770
14027135
641255556
100104095
1612717460
1585655751
1732205777
110618774
739250671
1490071218
1419324423
1874005220
819137227
338604911
1672396744
491199957
422303964
1733749083
2086149893
1969603737
691858297
1104021412
1892645145
981440422
190951509
1559935217
1536803906
137698423
1048620459
855105593
881297109
839903313
1205198187
23129744
1687804850
1423818840
558945336
483363673
1747189018
1368501345
2078861950
2011772301
353945068
2107803459
23414749
684882998
1542143713
1078896319
220678767
1508376209
2026346644
468041417
563451638
1145898389
1564265774
2054374134
138351446
950729546
188015907
916343844
1142852070
1218003773
608926757
1861151049
1851768610
636346315
194031109
817448088
107942404
1190601675
1138835048
1906413932
1565852555
1948769335
1644800969
475799474
1718679840
394788420
527269721
1900750617
1612572582
1340390849
216994399
714145980
1091867593
1735678984
1818207154
1125532414
1353471703
756097833
701473636
2131641470
419538537
223692649
1099614504
773727106
1075412488
1693032437
1883501566
1232377611
1267499052
1584868318
2109982338
21423306
1146995682
1936203120
1417713752
163829251
1583330753
1219719904
395804020
879391143
1029593150
1451189797
1194068118
417563777
856086990
137346665
1891718254
1721440342
1865305375
758075254
811299553
435014872
1072467234
1698108153
1996148462
1336874532
538147428
146015740
1068113845
1940378337
921824251
924028373
1245668863
623646718
469147874
2043333173
330343365
770412607
333526396
1348874796
974414565
414194025
1701211578
338071993
472234554
1677365226
810856236
369633661
1580150767
1294068387
983086057
867283882
1715396785
77265699
487282629
1770521825
605088073
570757485
113611258
1065213206
1426030471
1152117824
2131796504
1052573171
1093206104
993824276
54672269
384690225
158339613
1661683250
1354831827
844705336
1033555289
262327049
721410743
771000589
1182018620
916096800
419064433
1888179876
478024689
474454009
747148090
1294493780
1171562661
354895949
2085135349
2092974799
1969582371
1584816487
1436977062
951515396
737805474
600837186
916457100
1479041797
1492077198
1952509672
806114572
1887600703
1547774605
1856842719
1949362104
1278667673
1933387955
489041734
59878429
1621047709
215875429
1645366117
1507628445
1290245950
172457596
41431849
1377017082
2146097544
808196899
1421429368
832548773
1988377468
1684893967
1053814484
276512306
1975263848
2133143922
458923673
1518986858
741752114
1611230934
797805021
475340301
140563101
1871025620
256695462
1115944027
469822493
1973775370
1938282761
1285306559
873820100
1240773927
1872583274
1211036657
344455932
1150304187
540534227
840855521
169504131
1955701837
532596724
1748183384
522493034
320315887
1567290924
153851934
526845351
186702749
1234064100
1172833633
323105119
132188883
1778837736
1019965632
333309926
1065395765
1753001555
1498644834
1417861337
1030710063
641879703
1647396731
1087288062
1769708608
1363697025
1745203673
1856465799
791133929
359138488
1130202531
1744867394
314634070
1584297925
1296536739
1291714174
1069609669
1745593775
243686405
1126450662
850595446
189766122
236452368
2104318626
2079724464
1086513943
1560841370
1629297110
1154037074
1471176409
1689106795
598518266
943062151
1906222551
218319040
1163157114
1377729364
1271355504
509600244
1394157763
1348723746
699215855
1562507308
1075410800
1215940624
978808409
221563136
685342189
1396252508
346632644
1934940382
1623801636
1379607937
1621881172
2136744057
733325353
63969298
1296795410
1372041951
277685682
2011221427
1135717093
1749124091
1260450918
1440995298
291748921
2084429243
1385089690
1370771031
746711852
566741948
1139884225
1081687557
992973378
918333236
181190780
227129657
1003903777
1018205464
2038175170
1415097049
831327194
277925060
1647737322
1753033773
630914127
797346896
1006372989
1036504325
1536643467
1061313466
827378319
1308709770
1440520779
1824300250
1871461252
1960073952
2027194263
1150487470
629728072
1621863343
1127347350
897774958
1830329156
1329430966
440289394
267031211
1781391702
1500011938
1219410654
1180091840
1520770421
688171742
2140507861
123024384
2012782030
299173028
119785195
2023279209
1910901009
350443444
640781906
1433865282
71374897
312080078
67670632
562763902
1751451673
2084826329
451563945
640344980
1121825876
1201792123
1668644489
1859922811
1250717869
1096817517
1763109060
1205452845
863693942
1834712265
1575080527
1660757857
1071095902
693360298
218075248
709391402
271261227
340525238
1569627874
1355467522
1039756236
1366134983
1161783567
172772857
1482335359
1984458546
1892701140
1785317319
2026791247
2077355743
1624322807
2130359596
1477842244
1038010758
178234993
61933749
174526260
805932979
938153753
1735732644
452318405
1840936932
1361823184
1415387806
1804165623
1873270198
77333838
1705379230
613997510
1191885546
803097532
1975454007
1350801404
1499667040
2100657328
1885074249
1328742836
1147127473
1337212611
1539886312
746697540
1111226257
1329018685
333923748
1974600202
58361010
1928978543
545310591
1258222276
666791660
588808617
1728736305
1550215028
1891271233
607171915
621797054
430545766
423281209
105836596
520542475
1029317523
1528868695
1682834991
1404621266
11930574
1658007140
27341550
2071915085
89689902
183082245
430686792
664183888
1200354412
2084399481
1965889876
438663024
679282572
237035327
1229513512
1378305966
106374631
790211603
501185038
1595318206
210019505
912805209
357088308
25955950
1931387065
1563561657
758911675
1748922740
438560980
21063186
1769363868
875012357
1371747928
680547442
1103956536
1789166241
20466130
1507990791
687116269
1744454488
1501025035
1502977776
1999243270
607904642
446749249
1962827658
1134637637
1835623112
1782838142
935583342
1552429945
663916276
1137721016
161177326
541005976
952901803
1871530596
1797106197
1712883015
510897655
1101688244
784123728
1933324687
72232551
2043215601
361893801
2004240016
872518096
344088864
1999023130
1818927107
1961882822
237111546
2097953180
1929124090
500247175
974598509
722931225
2071381153
838181402
1962668547
747274965
1861455710
1217149486
1580389968
1921777230
1810861464
1740262296
1478154018
1608827149
2062779450
1160922588
1556724085
2000209003
1009348738
1765043044
1399326655
794135241
744394867
214995826
1569736553
1667256940
180820277
313943774
1673827891
180834553
120873929
1551694589
2137792284
1475954361
1680624909
214707006
1687419430
1887068398
1552014075
731672
38977638
1680577763
488682258
2136979212
1285304536
1592808338
651527051
1857627138
12585715
1091316323
951627061
1200671578
2143205409
1336912545
997273308
946231062
1074639522
2097746279
1065749117
1456262607
884685514
471965962
82250345
1612956019
954680910
837154634
1328171256
768273682
1030642206
4307851
422806060
1108830997
1732864455
1208157351
1835806977
2125269127
1102884493
1529048984
1323221227
1296936505
575087312
2142179186
45517086
1985011451
1709713892
1493256846
1492047282
353478984
1484352865
347068618
544503664
774565688
1338260630
180174536
240560287
1425662844
19358692
822513217
1520202954
2123771054
85210945
539211256
1895860344
1156646062
259382673
175753416
1538638468
521463166
1804508476
1426130189
1840759453
1791491047
1928261275
311615556
1901797839
2004679516
1560109272
1040007179
141163105
1788465159
374119022
68428341
1648152504
774101685
1212767026
1093080405
1635023549
1919760132
1772392591
1126209058
1050578976
391338855
548482661
1615927897
2127840428
292455040
374682066
503041084
1531965074
856645788
1537574030
1726605033
1538891591
817180068
1960492528
529838579
1286164694
879213193
2067249780
844222780
1228992466
1210335810
718166472
424585589
843917795
1535849702
967805596
1699687490
1838082938
4629826
115054583
1566046126
1840477702
966202167
2055269732
1942575780
1254161431
1350297716
492183901
1596392908
1503109008
415689353
1964785395
1616150522
324122665
21017399
439920377
232049253
1701697587
28437602
1553473015
52116783
1775746709
1058467496
2116388185
1251269094
1929426863
281042879
1769861242
476681320
1594368165
229524771
341839603
2128682874
121965901
281475094
1905494778
1526736787
418163608
1210686192
255752762
1450799890
262702159
1100219288
1894338875
1728733403
906099741
1209472129
1578595659
95734372
1882796691
494074869
1314643585
1044453283
224398591
2064671659
1838483735
249381444
1454796580
1842789836
967763041
1158653704
184359423
115601978
314383995
2142821781
2144162566
2095727142
483704621
872565862
571483019
11675130
1297426866
175208620
1691714400
1347500471
1193801161
998107284
679503419
734979686
1181084400
2103938939
1013800037
655511661
62666786
451691710
2074221831
2055461090
1603960444
1853255750
771223231
1222991657
415015031
152264533
7241434
577381210
757054229
1401744627
2147474494
1922104094
167484580
1205233268
885896438
762027548
809382580
1786787502
715751770
1204751984
1031263442
960994548
232639604
1362973951
141596055
1756508625
267746430
2114299552
901767147
1149003595
311360440
541204036
1039794196
1442693130
1555760960
2135256210
1436862150
736315186
149983647
1384974928
887655041
1883764256
365541770
654805903
911513133
936801476
2036215850
390020479
1510705221
1545482186
1290545892
150581032
694813011
74770668
1728374505
342489020
1257159236
545996044
619464913
131007920
193312455
1803974476
1505161706
2913655
407344699
1087523127
966932229
776060434
1057183650
1668521232
616113913
84699138
1711065023
91938938
267906918
122993559
1785751261
1588257091
158172215
924558498
47479931
1965596634
807310063
1961753232
255558943
534956896
973550880
1640713628
1991589603
1759941953
245653258
1263161727
1077496617
410143605
967121462
840831834
1989962508
1129094844
1412318755
1891336990
802609891
979849136
99656045
175738322
1803964197
1613814361
1120509324
1516509359
1257977707
1056959648
1639847670
299795100
445937747
422361675
1339720412
1571151417
1995690563
2123806363
1038975868
176086347
55164945
240416512
413506427
12802733
1280227768
1025926100
77556683
183064821
1695582275
1006345228
1737233149
1576807533
909667429
1980058269
319173345
1296817543
364146133
1364792393
1699411208
1881554409
548204390
2123268160
405070665
1794527964
737013420
967681299
184493204
1345562388
1906814500
1093797253
410433579
275546592
668238954
1930719665
559757393
905678828
1082262466
141331917
2073836866
771720806
1337561249
1051246833
870486594
1945960354
521769714
1202692603
1870466313
89163807
637744785
1402399626
1032736297
620537531
1340928989
1979770492
426626208
707276612
129329699
831330274
1128280206
975052055
1562183183
1386973013
203186892
102432304
791582993
1178108788
422001037
36310664
776018378
1994081833
1142846718
772050254
636557400
1837729751
245858035
1607650315
1725975427
1059486662
1882493762
733048350
843796881
426014204
1905996824
1723993008
1112710551
1816600992
2118916586
1991991399
960583809
914640910
713705398
769159564
1667891608
121477441
1453793773
2026580895
945497501
758267446
162282541
1660619680
419342767
13309158
1025795759
142710370
942068922
262310251
714823632
416542370
744226597
860907531
1795728146
1715283558
1220152772
895447002
1420252943
1431534102
1992676170
169897190
254466026
1979740524
1832594124
136750327
429835157
1440876644
601519875
776451353
1216074076
716334780
1897582864
1702829594
1111967708
590867376
1285091549
749645535
796974538
1344797686
1036702045
1615990755
780696488
1776581147
1689380897
109622268
1619525653
201059987
431079366
967878136
748312603
1203264915
529331602
2038670176
1038134718
15118148
2110929732
930641953
1172449294
390785035
835916189
274822036
384224842
541413883
1210345029
742698226
487555654
843104299
1528824347
1195997334
89659490
1071161811
1700461667
1954966993
1939077522
87409649
368263949
1198784454
460703239
509375515
1508775241
431366636
1668093853
262550814
462444690
2031159863
1314741259
849248235
1911926023
2007868998
1791455710
465104364
466134374
1807016641
414641431
1862041602
1798547420
108906278
1216813197
292013209
1237488350
1169738552
1942422997
238566445
455956538
2146676568
904326927
87686334
917447884
1875113128
1826006492
1310769620
1094531778
1805133253
533780088
2023075722
1335148352
1590690854
1951801176
1719281751
1133432806
1936448238
896660165
2021252296
2062213027
664801568
1450405378
2045276594
1589368642
1660814409
652821297
1759569937
1349921499
906246138
887662470
1140360870
1411638403
1545481486
2057825051
707899062
953956015
1487572728
1150739478
1097258436
1537078864
796647334
1774414198
911137819
1816101325
778608632
887964618
719306634
1415265062
175098192
1429239177
1275083750
1837803464
957883049
1349211849
527759434
1627787977
1366345499
689037643
322375769
1363985357
525366227
380836193
207855565
1557474433
1323072152
646818496
1320221802
57143564
367828955
933410990
1351915392
1176846020
1872973404
1279083010
1869209666
461531413
1273005257
610040173
1093949125
1983017117
1752971040
2132129602
7484461
670891176
1604740752
168354875
345184751
757016909
1567243318
1834558153
641062311
1601134179
384631314
2040897542
1243414906
1506082365
703078210
770720954
104920172
833468037
1839234846
2047588240
702348271
382784769
1815536957
1785571999
1763704211
164001450
452821210
30921769
1556498684
750893111
914347457
988018383
1611360277
1204350167
865967411
1485833978
1660817967
845157034
380975171
1610520339
721867381
273255138
1316882105
1658354917
2142430102
665008435
115567263
1521553374
1592471402
1211307372
1624137913
138072271
1605717934
979291505
917855894
859295713
670715215
893563110
1145177695
1943937784
2111643291
368806777
1326583135
71053054
1482788016
874144216
1351270197
334734471
1933658396
2135884904
1522947062
104130296
1236912081
1976514640
535436249
2046010997
1313068562
1781125097
1127063421
1529228731
2125376530
1140245724
1658251170
565482336
650450315
971510143
1518590286
588399943
1378245124
1223593655
541762870
1861024395
444841669
555116655
2000842738
247117680
116575347
443587396
579951747
1248599829
1146950895
284044949
154609749
1768205576
1688777406
272296225
1786846441
869149760
2051487727
922329477
1485137270
381891165
511508841
1671148960
1040000869
1166438303
1500591697
1838948904
1007517083
23246272
143664912
125856895
1888693603
246720943
1165137900
2100364351
644994903
2045250969
720288879
1737643835
138021493
2076138724
1871921136
2107911246
1258343648
1267814381
1420830019
156267759
1236127815
1636901
527181104
1783686514
2117839714
2086358093
283698413
1916897594
105216862
39784959
503361264
895376824
1767250589
674887385
2115489835
60428778
1066643424
1323136040
305704542
61667090
255714640
1196412348
897702978
1023113184
1756602588
1727869607
366741896
1491255957
1804819577
885504853
1637964912
316070131
1749617816
532110508
1139331707
902699354
1616682308
1273180125
62938560
1630903516
1062755541
1535575743
1166610999
1316119893
629225191
1347454859
260200492
2038459659
1999437293
275355716
810410890
544284374
943139519
738894664
1191075385
640906472
1331581191
1363494586
307774190
628785573
1694859402
628705513
1244889770
1667022465
917021643
872397501
1887288179
637159394
1827648568
449363733
1167785221
1275128611
510376123
1559592424
982854383
1107342013
1397624382
8866914
436911424
2038091405
1024740805
1103285755
715730611
1736852400
2100694383
1397389859
696167337
2040903071
1824216821
623676269
531830781
650040304
558461511
748928525
13150314
970621434
1885339796
24327178
1021548291
1021373736
348745760
250825772
1803236634
1307694364
2072789180
1429077727
1018619082
456132989
108259615
103159032
600671435
1649060829
1213454748
751347284
44618344
362907218
617750573
1842382857
1080561540
329847728
2126583652
576557935
1601647163
2076827553
968257657
714632433
2022357416
1749929663
1265449077
942852608
302938482
301254856
1846017646
187364312
1137139677
611035039
1597037279
1284240596
839231689
1052528765
1101276805
783235878
1006618232
598664103
1682679991
108456630
1664361959
1775708668
2113636445
1270078259
989863920
1655488553
1702579689
1542853992
1047834122
563341107
1405267309
1215311165
1749674449
1873129334
72740266
1519405471
391499501
424053101
340266969
611830955
1298861025
1929418947
519965566
250780747
127839324
540980154
1286037889
1548280201
117954282
1401832277
1022177632
1431323139
422746228
930445473
178939868
641374320
684198653
130722935
248315971
674464466
879206689
422537511
1978992535
1458417077
87189599
1998750569
366377893
1655527043
2114888223
364727598
771688849
2089012631
822256410
775235142
2067849256
2023063866
1432543755
1163438751
1518932733
1629776171
2129356841
110340699
1646987514
1495369238
705499331
1779483315
858893123
1896992014
418909558
424387213
1316445201
389022557
823989818
1198516949
611049730
970985017
678762256
751205005
60411396
172898062
585427130
312171560
1353682635
1213283038
516764029
1980916494
1614812006
1499811480
1471375096
1655957939
893331554
1337613379
936783398
711532132
157953334
1241785733
2004717617
550688267
1553171733
2098036671
1309281107
51465304
1283042873
2082850446
1590581073
1370638482
397107590
228698903
906131944
1421346253
1254939597
1802165679
77965982
696748227
1413174037
49226895
2078465149
869446502
1094921728
568672297
94246680
916440165
711557325
575510128
728388706
1637096805
583069265
1660197695
1484515464
172561852
311585628
1238179434
775984900
1916113921
1705263239
1276812929
1189871842
1502851799
631755380
798858323
531316141
1268576998
2121461297
1665096631
1935042131
1451445962
798988111
2071705745
1075151852
1070252114
591520250
1888489208
1676703655
1752251759
700030336
662982914
1484075288
362155573
502372121
468717689
287043525
977775946
1743985950
1067503076
1691024601
1845580556
1741070287
1526358742
741125710
1903542787
543941067
643686565
1673361850
1739927509
2134328337
1739694522
2103696630
1779250618
1881692993
909103540
648552367
1703631631
713805041
2076362702
2071276440
1007311305
492020228
1200314447
974724102
701868530
389073319
132870111
1909645653
1794320100
1011349988
1399059359
545565597
1779672462
2008956080
209549567
559507500
1234613871
681506530
826855692
1993797706
92420117
1041365419
1619236231
1323226553
1090077278
2132203838
1485180972
1724774092
1861674167
1094593812
1677108439
1790058079
493641074
528674406
1889885799
1289039261
1420062475
1180179400
2056327026
852524911
1133740583
1831225069
1294590813
1734948720
589171334
55205219
2076664620
1089925453
148471819
1750873110
1775848059
682311354
654457230
1386760529
270166623
183469796
238521568
1836490602
1809341179
873496449
2022763000
2066289264
1512579260
19023747
25105202
302480407
1874818474
9247388
251167299
383557554
2008947988
1510066034
1066248561
2129523003
1715678582
825553026
1780358751
1019977042
1245465013
516184885
324446807
1367485501
2135508461
1649713162
1275236586
883752099
1395886324
2060238970
1116316668
749555823
1345489458
1919375810
421260394
1634776840
1463179355
1120210809
814550650
415559730
2064932650
1730177649
636253360
789302384
250417668
1050371179
1848039857
2047006149
259561449
768502734
709565954
1218483543
240814772
2120774519
1539128257
1064941448
733631891
2008359511
1585232629
1803979049
1547882104
188802931
471056921
1155095805
147079327
2076488312
415299956
233528115
1531130407
1159591592
850744473
1499491557
1640829693
496510981
927514490
909066870
302895058
832721805
1397232990
956657917
1466801993
16173487
1542083243
1525724088
2064454124
1279303234
1375797683
338535279
820865757
1567598233
999120162
741228985
964439015
1759448244
219212701
1305446087
1560133322
1141686514
1560224512
111335204
1982500185
1129775978
2000901378
1022034254
349182142
581942833
358951469
1303742117
1789313806
737857805
1793433182
319998643
778357992
1997691661
828498909
1212719538
1331366110
967721166
684717421
519160644
669537217
973611345
1121369607
2115828420
1933204720
546607129
233287546
813495392
1515444694
1991399927
81193717
1607471309
1602709038
93021841
1779825630
1166099524
381552499
87159189
1624558404
1978145310
1789562796
915705699
1313818461
266332137
1842561149
1336611321
1822859185
729975431
257192915
2046644095
503054087
1529959170
1342807263
982858325
1529493983
331802978
171355420
464854806
993515135
568739218
904633555
1214008311
1942329466
1703284220
611642798
1818677649
2055051374
1327779418
504974728
1209115685
816165766
745021912
1331663916
110613375
1629731336
1235538801
2109240607
1245936104
1837848289
2017419589
1545205568
1146665137
208547842
570318642
511284341
338896126
1572242912
713949141
2078343968
2085064681
928271028
970789083
1229817546
1504090628
595059698
1024620028
1836661135
1034475631
1508253897
452302393
1091385932
64173508
1527040818
816762448
652992735
1624807263
1024302846
1592386730
1259611335
145073087
269554286
1944207915
746754664
199185156
1337290922
774425591
1035060766
1654188496
970346746
332775313
887986506
210478500
207853333
295629986
34847409
680400680
111073539
763664005
1399612447
862319495
1022364733
1671025801
496935118
1115273117
1071944694
1085275985
1683212582
265935169
899576892
1072026846
641690672
579133380
1577295382
1096133848
604498578
893154433
1454761090
525663015
823025295
1178279199
1533329603
268828534
682560402
1533899744
987782345
1591580014
34411780
106677856
1671472538
1431075426
355194517
1059947844
12239571
1768538123
1493203988
162851993
448241387
1019014689
1532374949
1083195519
1999995477
2024716087
627419337
698533497
730308624
1346154994
1861425819
1251351875
409237585
976549608
1433831213
946490143
1165188951
1463490967
591563272
215199556
945533424
414714937
1295556053
1069758646
1906599983
352144222
1495265666
513516356
328815282
2014173111
53908644
1392371735
1354270277
609548948
123173078
1446709494
1743611943
1918594552
